50
8
0 0 0 0 0 0 0 0
0 0 0 0 0 0 0 0
0 0 0 0 0 0 0 0
0 0 0 0 0 0 0 0
0 0 0 0
0 0 0 0
0 0 0 0
0 0 0 0
0 0 0 0
0 0 0 0
0 0 0 0
0 0 0 0
0 0 0 0
0 0 0 0
0 0 0 0
0 0 0 0
16
127 127 127 127 127 127 127 127 127 127 127 127 127 127 127 127
127 127 127 127 127 127 127 127 127 127 127 127 127 127 127 127
127 127 127 127 127 127 127 127 127 127 127 127 127 127 127 127
127 127 127 127 127 127 127 127 127 127 127 127 127 127 127 127
127 127 127 127
127 127 127 127
127 127 127 127
127 127 127 127
127 127 127 127
127 127 127 127
127 127 127 127
127 127 127 127
127 127 127 127
127 127 127 127
127 127 127 127
127 127 127 127
127 127 127 127
127 127 127 127
127 127 127 127
127 127 127 127
258064 258064 258064 258064
258064 258064 258064 258064
258064 258064 258064 258064
258064 258064 258064 258064
16
-128 -128 -128 -128 -128 -128 -128 -128 -128 -128 -128 -128 -128 -128 -128 -128
-128 -128 -128 -128 -128 -128 -128 -128 -128 -128 -128 -128 -128 -128 -128 -128
-128 -128 -128 -128 -128 -128 -128 -128 -128 -128 -128 -128 -128 -128 -128 -128
-128 -128 -128 -128 -128 -128 -128 -128 -128 -128 -128 -128 -128 -128 -128 -128
-128 -128 -128 -128
-128 -128 -128 -128
-128 -128 -128 -128
-128 -128 -128 -128
-128 -128 -128 -128
-128 -128 -128 -128
-128 -128 -128 -128
-128 -128 -128 -128
-128 -128 -128 -128
-128 -128 -128 -128
-128 -128 -128 -128
-128 -128 -128 -128
-128 -128 -128 -128
-128 -128 -128 -128
-128 -128 -128 -128
-128 -128 -128 -128
262144 262144 262144 262144
262144 262144 262144 262144
262144 262144 262144 262144
262144 262144 262144 262144
64
-128 -128 -128 -128 -128 -128 -128 -128 -128 -128 -128 -128 -128 -128 -128 -128 -128 -128 -128 -128 -128 -128 -128 -128 -128 -128 -128 -128 -128 -128 -128 -128 -128 -128 -128 -128 -128 -128 -128 -128 -128 -128 -128 -128 -128 -128 -128 -128 -128 -128 -128 -128 -128 -128 -128 -128 -128 -128 -128 -128 -128 -128 -128 -128
-128 -128 -128 -128 -128 -128 -128 -128 -128 -128 -128 -128 -128 -128 -128 -128 -128 -128 -128 -128 -128 -128 -128 -128 -128 -128 -128 -128 -128 -128 -128 -128 -128 -128 -128 -128 -128 -128 -128 -128 -128 -128 -128 -128 -128 -128 -128 -128 -128 -128 -128 -128 -128 -128 -128 -128 -128 -128 -128 -128 -128 -128 -128 -128
-128 -128 -128 -128 -128 -128 -128 -128 -128 -128 -128 -128 -128 -128 -128 -128 -128 -128 -128 -128 -128 -128 -128 -128 -128 -128 -128 -128 -128 -128 -128 -128 -128 -128 -128 -128 -128 -128 -128 -128 -128 -128 -128 -128 -128 -128 -128 -128 -128 -128 -128 -128 -128 -128 -128 -128 -128 -128 -128 -128 -128 -128 -128 -128
-128 -128 -128 -128 -128 -128 -128 -128 -128 -128 -128 -128 -128 -128 -128 -128 -128 -128 -128 -128 -128 -128 -128 -128 -128 -128 -128 -128 -128 -128 -128 -128 -128 -128 -128 -128 -128 -128 -128 -128 -128 -128 -128 -128 -128 -128 -128 -128 -128 -128 -128 -128 -128 -128 -128 -128 -128 -128 -128 -128 -128 -128 -128 -128
127 127 127 127
127 127 127 127
127 127 127 127
127 127 127 127
127 127 127 127
127 127 127 127
127 127 127 127
127 127 127 127
127 127 127 127
127 127 127 127
127 127 127 127
127 127 127 127
127 127 127 127
127 127 127 127
127 127 127 127
127 127 127 127
127 127 127 127
127 127 127 127
127 127 127 127
127 127 127 127
127 127 127 127
127 127 127 127
127 127 127 127
127 127 127 127
127 127 127 127
127 127 127 127
127 127 127 127
127 127 127 127
127 127 127 127
127 127 127 127
127 127 127 127
127 127 127 127
127 127 127 127
127 127 127 127
127 127 127 127
127 127 127 127
127 127 127 127
127 127 127 127
127 127 127 127
127 127 127 127
127 127 127 127
127 127 127 127
127 127 127 127
127 127 127 127
127 127 127 127
127 127 127 127
127 127 127 127
127 127 127 127
127 127 127 127
127 127 127 127
127 127 127 127
127 127 127 127
127 127 127 127
127 127 127 127
127 127 127 127
127 127 127 127
127 127 127 127
127 127 127 127
127 127 127 127
127 127 127 127
127 127 127 127
127 127 127 127
127 127 127 127
127 127 127 127
-1040384 -1040384 -1040384 -1040384
-1040384 -1040384 -1040384 -1040384
-1040384 -1040384 -1040384 -1040384
-1040384 -1040384 -1040384 -1040384
8
42 42 42 42 42 42 42 42
42 42 42 42 42 42 42 42
42 42 42 42 42 42 42 42
42 42 42 42 42 42 42 42
42 42 42 42
42 42 42 42
42 42 42 42
42 42 42 42
42 42 42 42
42 42 42 42
42 42 42 42
42 42 42 42
14112 14112 14112 14112
14112 14112 14112 14112
14112 14112 14112 14112
14112 14112 14112 14112
1
-128
-128
-128
-128
-128 -128 -128 -128
16384 16384 16384 16384
16384 16384 16384 16384
16384 16384 16384 16384
16384 16384 16384 16384
4
1 0 0 0
0 1 0 0
0 0 1 0
0 0 0 1
17 -18 19 -20
-34 35 -36 37
51 -52 53 -54
-68 69 -70 71
17 -18 19 -20
-34 35 -36 37
51 -52 53 -54
-68 69 -70 71
12
127 -59 127 92 -33 31 -127 61 76 -128 -127 -49
84 -1 -58 0 0 -104 58 -128 -1 -117 61 -56
-122 -128 -40 -89 0 -128 0 -81 -1 -127 127 3
-1 117 -47 19 124 -1 -127 -128 -99 -20 -32 -128
79 -3 1 107
127 0 -127 0
94 -62 1 -128
-1 101 -91 -26
-14 95 115 127
9 83 -68 -47
1 127 0 0
-57 89 0 76
0 127 121 -128
-1 -68 -112 127
-79 13 -35 -128
115 66 -1 -127
16049 3246 21498 -9576
-3667 -4388 18129 -3855
-35661 -13618 42552 -38398
3595 -31065 -10799 41966
21
71 -87 -128 0 -127 -80 123 -36 0 -127 54 -78 -128 -103 -46 127 -111 97 -35 42 1
0 0 -64 1 0 -29 -124 0 63 -77 122 127 -35 -79 -128 -94 -1 -119 -53 26 67
-1 -64 14 105 30 -1 -128 -128 -114 -103 20 -107 -21 -128 1 46 -81 2 95 1 -127
-90 -34 75 -127 0 -123 -103 -128 -47 127 68 -114 -3 127 8 -121 -25 -19 -128 -118 115
-128 -115 -128 87
120 0 0 63
1 -33 -58 111
-127 -108 -128 -117
15 -128 63 -27
-47 0 -1 -127
100 0 42 104
-128 -10 -111 -1
-1 21 -92 -30
-77 -15 -1 -127
0 64 -43 98
18 36 -128 -112
-1 122 -127 -14
127 -88 -108 1
-87 79 -43 -127
60 -127 74 -95
7 40 49 127
1 -67 31 127
-127 111 54 1
6 -2 -11 -127
-37 -1 31 -8
10131 -25996 41369 31373
-3296 23301 -22100 -4347
-32160 -7433 37153 -11652
43000 10870 22800 41960
1
63
-68
64
-128
68 63 -1 -1
4284 3969 -63 -63
-4624 -4284 68 68
4352 4032 -64 -64
-8704 -8064 128 128
23
-52 127 49 -95 -39 77 81 -127 48 0 -127 101 -63 12 46 118 -13 -60 -70 -89 111 1 17
18 1 -57 12 34 -128 -128 18 -1 -127 0 -127 1 21 -127 0 1 0 1 5 -1 1 68
-36 90 127 -78 38 -32 -94 -40 126 -128 73 -17 1 -1 -35 -47 62 66 -57 1 -127 30 23
127 -127 -73 1 -25 -30 -128 -128 0 104 93 -127 -7 0 62 -35 85 -25 35 7 127 82 -114
-128 -82 15 1
-127 73 1 -31
-128 -122 78 -128
0 127 50 86
44 -3 123 -128
-50 -128 -92 -55
127 -127 33 -109
127 -112 -99 -73
-49 1 -36 97
-128 -1 121 -54
-96 58 -11 -127
-1 127 122 0
-118 3 -54 -95
-1 0 -128 -48
1 1 -109 -10
0 89 -28 -1
-127 127 31 1
20 -42 90 119
-128 1 -1 -128
-52 127 97 -1
-128 -123 44 -1
112 -50 1 -128
81 26 -69 -45
-8626 -18207 -3331 9276
20190 24074 -17567 27250
-11588 22527 -2793 4948
-76565 26 9499 11423
15
47 119 -127 1 -69 -62 86 8 127 96 46 -1 -40 -42 57
-114 127 92 -57 -98 -1 0 103 112 -54 110 -127 -114 -127 85
4 -127 22 1 -70 -34 1 43 113 -128 -15 39 -116 123 13
103 43 40 -127 -72 -47 -38 -32 23 -73 2 -128 106 127 -128
-1 115 -77 38
-2 -99 28 -17
107 -128 -128 127
-127 -115 -94 -4
66 -47 16 -106
70 -4 -22 0
1 -126 77 -128
-127 -1 114 65
-128 -116 -127 41
-127 10 -62 -128
127 -1 -42 92
-31 -128 109 99
-45 127 -127 101
-113 -13 61 37
127 -128 73 0
-32615 -23108 6226 -28086
38029 -47490 -291 15342
-18333 -24001 19483 31521
-8624 66644 -34091 32391
31
1 -128 20 -1 118 0 10 112 -1 60 127 -89 -28 -82 -127 31 127 127 22 127 -127 46 13 -127 -82 -76 -127 -96 -116 27 1
127 -90 -91 127 91 -1 15 -1 127 -127 -52 127 -25 28 -113 -96 -70 -74 -45 -110 43 111 35 94 -91 -1 0 111 121 127 1
-1 18 -127 -127 -128 -127 -127 -41 1 79 0 0 69 17 127 1 -66 -127 -84 -76 86 -1 103 -7 -127 -27 12 0 73 -51 -27
1 112 1 -128 18 127 -81 -94 -17 6 -127 110 -8 61 81 74 -1 80 112 88 -127 -127 -128 28 -128 -128 -1 -1 -127 0 -33
-43 -116 127 -82
-46 76 -9 -16
-29 1 75 -82
127 97 -3 16
-127 101 127 -72
64 22 1 -1
-1 32 -1 108
51 127 -117 -128
1 -108 59 127
-95 -84 -43 1
-127 72 -118 36
-21 -128 127 -35
-69 0 115 0
-128 -118 -128 -16
3 127 -127 26
-127 0 -128 -97
-1 27 -68 1
-114 0 3 -128
-117 -127 127 -21
95 -60 13 0
-49 -8 0 -81
0 14 63 123
-13 -42 124 -126
52 51 -18 9
-47 -81 54 -104
127 115 -25 -127
20 1 -68 12
-116 127 122 -101
23 -1 -128 -1
71 -128 9 1
-114 -105 -128 70
-19728 -4518 7508 4319
40490 -20695 78004 26737
-6103 -4031 -42788 24781
-37353 -47117 20291 7161
30
-127 -127 -90 -1 98 -127 -102 0 0 52 96 -91 -1 -19 70 60 -18 -88 -14 -128 50 -67 0 -128 62 127 -127 -49 63 -99
15 -13 -59 -95 127 127 89 -1 -63 -10 0 49 91 35 66 1 22 -128 1 -24 127 44 -53 1 -42 -36 0 0 -17 -1
127 57 67 107 1 -128 1 54 -13 1 1 -119 127 -56 -1 -31 126 -127 -37 -127 -1 -60 1 -128 -124 69 -14 19 60 127
-86 37 -113 -75 -71 127 -70 20 -67 107 -90 -128 62 1 -127 -109 127 20 36 -85 34 14 1 64 19 -48 1 -97 0 -127
-34 -127 -104 33
-59 -1 1 -69
1 -53 43 93
40 -127 -1 -1
0 -58 -102 -90
-76 -69 127 -72
113 78 22 53
0 -128 48 1
1 74 7 -48
0 127 -128 -69
107 -9 -127 -125
-128 1 127 -7
0 -118 -45 -127
127 81 -33 0
-68 127 -127 -39
-1 -127 -48 127
97 0 127 83
-128 0 -1 127
109 -116 -76 79
0 0 -10 88
0 127 1 127
95 50 -1 -80
1 -1 -128 -120
-69 127 1 69
-83 0 92 1
115 0 -128 59
-86 1 48 -106
65 -96 86 61
127 1 0 117
-75 -24 -124 127
67575 17158 -69111 -28149
10371 17110 5274 -32198
61159 -67979 -56844 2541
2260 34856 56060 -40080
8
-1 0 -123 1 72 -66 1 -128
-127 -67 38 -81 13 0 -32 7
97 -97 0 121 -1 -120 0 1
-1 -59 126 108 95 1 19 -82
48 50 1 0
73 0 -19 75
127 -51 -127 -120
-1 -76 -30 -89
-127 127 1 0
80 -102 0 -6
-61 28 15 -10
83 -43 -46 53
-40779 27555 21565 8273
-5198 -1678 -2039 -1685
-11936 7724 -1737 -17271
-8411 1337 -13970 -33699
24
1 -1 0 -4 -128 29 -127 1 68 -1 -118 127 -86 -43 69 99 127 69 -64 66 51 38 0 -111
101 0 18 -1 -40 0 1 -94 127 -1 0 73 31 0 -128 -10 -49 -120 -61 -12 -33 51 -5 -83
85 127 0 -65 55 -97 85 -1 -120 30 121 -81 -63 -127 47 -118 127 13 115 -128 127 -12 -93 127
-127 -127 78 72 -61 -48 66 -127 -96 -53 127 -31 -127 127 95 -127 -127 65 -127 -128 -59 1 51 1
-118 -112 -1 59
127 1 0 -40
-104 96 16 -1
65 -128 127 1
127 26 124 -42
-127 1 0 127
0 127 0 -103
-128 -1 0 0
-69 -12 1 -45
-14 41 29 -34
-55 -58 1 -127
88 127 -3 1
-128 -42 -105 -127
-124 97 1 -128
-128 39 -14 -24
-1 127 -39 64
1 -62 1 19
81 127 0 0
127 -118 0 -127
-1 -7 -38 0
-7 43 -1 -68
127 -128 53 19
51 0 -99 1
93 127 -67 -1
-8507 9002 -5662 63334
-15572 -33541 3105 10511
53865 -22176 14952 -40281
-11471 41622 18360 -15527
16
127 49 34 -115 89 -91 -88 75 124 -128 98 -105 0 -15 76 96
47 1 -1 -126 126 0 -128 55 -128 0 1 127 -47 -121 -127 42
-127 95 102 15 -78 18 -128 -67 -110 125 -1 -118 0 45 0 -82
24 -42 -51 -62 122 -51 110 1 54 0 47 0 -90 -83 -128 -127
97 -8 -106 -127
0 35 46 -127
-41 -19 8 -127
-127 -51 47 17
1 -8 -128 25
1 -128 75 127
-127 -125 -122 -63
73 -93 46 76
25 82 -128 -1
-76 -47 -80 60
-102 118 4 -82
-61 1 -45 5
103 -53 0 -127
-128 -128 1 -127
-91 114 -65 -127
1 127 1 46
46516 71298 -25746 -46409
52196 14565 10001 47361
-17893 -9116 52570 -7712
7898 -11175 -39227 25905
23
-89 0 -1 127 -1 -12 111 19 -88 1 -128 127 -127 -128 -127 -93 -81 49 1 69 -127 80 -110
-128 -35 -127 -41 127 -59 48 10 -127 -128 32 -121 1 -90 -127 1 -43 0 -2 127 127 -127 -1
-45 -87 63 127 127 -63 28 -39 127 112 102 127 -127 127 42 -127 1 57 121 100 -127 9 23
-1 33 -127 76 74 -32 108 -1 92 -40 72 12 -128 15 -48 -128 107 1 -128 108 -128 1 53
-28 127 -1 -98
28 -98 71 0
-128 109 -75 117
-1 -101 -27 18
19 -128 1 -1
42 0 0 -104
0 -43 -50 -128
44 34 126 -102
-127 1 0 -117
0 23 -128 -70
78 1 -76 9
-11 -1 58 0
-128 -79 59 -127
-50 -128 127 -1
-1 -79 127 -127
127 93 39 -1
-106 -112 57 32
98 127 127 127
-128 -76 78 18
57 -84 127 -119
-83 31 -1 -66
-127 14 1 -101
-128 0 -74 -128
45227 5849 -14167 47367
61627 -25400 77 24038
-25005 -54889 1690 11978
25385 -54873 -5861 -18754
13
120 111 -2 -128 0 -128 -128 0 0 127 -108 -20 -127
127 110 115 122 4 89 -128 73 105 57 56 28 -104
127 32 121 -128 -89 1 127 0 -86 -17 -109 83 1
-41 0 17 -118 109 0 -128 -6 110 -46 -1 108 -38
-128 -72 25 -128
-72 -127 73 -38
124 3 -128 -128
100 -30 -1 -49
0 1 -127 -1
-1 0 127 47
16 83 -88 29
1 1 0 110
-52 0 22 -127
-1 -56 -1 1
-3 -24 0 127
-127 0 -128 -76
51 64 34 25
-42060 -42175 4610 -38022
-14325 -48168 13555 -43531
-19999 5079 -22060 -32090
-27823 -3810 -18312 -18928
5
1 70 -127 -1 -127
-8 54 -13 92 -111
-128 1 80 -127 -24
90 1 -32 -127 -127
26 -25 67 -73
27 -31 0 90
0 6 1 -25
16 -62 -66 -127
24 -74 20 -79
-1148 6503 -2534 19562
58 958 -8841 2854
-5909 13299 -594 25459
-2713 14799 11840 20482
12
1 39 -128 -1 -59 20 1 -103 -127 -127 0 70
-52 94 0 33 1 -127 -127 -74 53 -127 -46 -90
-128 -96 -51 -127 65 -128 -76 117 0 -2 1 -128
-56 -128 -80 127 -120 -63 -127 20 -1 -1 94 127
-96 101 31 103
-127 -1 38 47
54 1 49 110
53 35 1 3
99 25 -21 100
1 -124 -128 -128
-89 117 0 43
0 -121 -24 0
1 -127 99 0
1 1 0 -85
127 -44 -1 -127
127 4 -100 -103
-9288 24806 -23182 -16979
-11268 483 34297 35963
11935 -23438 14768 9156
51468 -17132 -13182 -54534
5
37 -28 -95 -90 -127
0 42 1 127 -55
-22 28 -127 -84 69
-18 -40 -70 38 1
-22 -1 1 -19
-110 -4 -1 127
57 26 -127 0
44 -52 127 0
-128 -59 127 -33
9147 9778 -15429 -68
8065 -3501 8975 7149
-22363 -3095 14174 1697
2350 -3677 13865 -4771
22
-127 1 127 -20 -20 0 7 1 109 14 30 62 77 1 -127 -121 0 1 127 16 -38 127
39 26 127 80 1 125 99 -70 47 127 39 121 0 -1 -97 95 127 94 -57 -128 -22 1
-1 -83 127 0 1 -106 127 1 21 1 0 -128 -1 56 -128 88 127 -78 0 -85 59 -53
-100 -1 112 -65 -1 -91 -5 0 55 40 122 -40 -70 126 28 82 60 0 -95 127 0 -128
-85 -127 -128 127
0 25 -125 -1
1 -127 72 127
-1 50 -72 -127
-3 -127 -52 0
49 -127 0 53
16 -87 -90 -127
-55 -1 1 64
127 -1 -1 -1
-128 -78 3 -81
60 78 0 125
42 79 -122 -1
47 -1 -83 0
37 0 0 121
101 -125 -128 -101
1 62 127 0
-11 52 -127 41
37 110 99 -112
114 23 1 -46
-97 1 1 -127
27 45 0 75
-33 -127 -21 -127
25968 496 11568 -9858
3056 -5926 -10866 16344
-9356 2779 28584 50026
-3657 29473 38856 36962
1
1
-21
1
58
73 -97 66 0
73 -97 66 0
-1533 2037 -1386 0
73 -97 66 0
4234 -5626 3828 0
5
-54 28 -125 -35 60
0 -58 117 -89 0
55 -103 27 89 -1
3 0 -98 -48 -124
113 53 -13 -128
-1 -10 -75 6
31 -128 -48 -127
-11 -127 -115 4
-76 -125 22 1
-14180 9803 9947 22875
4664 -3093 8969 -15563
6252 -10689 -4543 -10732
7253 34299 7457 11746
19
-1 -1 -89 -27 1 -128 0 -26 0 -128 1 1 -1 -111 -69 1 1 64 127
-128 -93 -127 -1 -63 61 34 -1 -128 -128 -112 0 -50 0 -62 0 74 1 43
1 0 -109 1 -125 47 127 -1 -1 -128 -92 -86 32 127 -25 -91 68 -121 100
-52 -128 113 80 69 -91 1 -23 90 -118 1 -127 115 94 94 -127 -1 1 87
-28 -95 1 58
83 3 -27 -128
0 -79 127 -128
-77 -128 11 0
-77 -119 106 -127
-128 67 94 -127
0 79 -61 98
-1 55 -128 125
1 -1 58 -128
127 -60 -43 127
1 79 -48 -17
-33 1 79 -33
-128 -6 1 3
52 -119 88 -128
0 49 -127 -128
40 127 1 127
-127 -38 -103 -1
-128 41 50 1
-128 0 -92 -127
-28110 20761 -24229 15133
-32140 29708 -16895 28481
-17086 1085 -35176 -12895
-45723 -46483 8962 -74306
26
-121 94 -91 94 -127 91 19 31 43 118 -59 -22 -6 127 -124 63 -29 -27 -96 1 -16 0 -127 54 127 -122
0 9 1 0 -65 55 -34 -1 1 10 34 46 -33 127 1 -128 -3 15 -1 127 -96 -28 52 75 23 127
55 -127 58 68 -45 0 -127 -123 -50 -127 93 61 -128 -21 -128 127 0 56 1 -83 115 118 -26 -8 -1 -1
53 37 112 -128 35 0 1 -3 103 -128 1 -55 -90 127 -116 53 1 -120 20 -128 93 127 66 1 1 79
76 -27 3 -34
-1 -101 -31 0
-87 38 99 -127
36 8 -127 -106
-1 -43 -97 127
4 -123 -29 7
70 8 127 1
-21 -128 -14 57
-9 -1 125 127
127 124 -1 -128
-1 -127 -115 0
6 -128 1 0
-91 -49 -111 1
-127 -127 -66 106
127 -63 0 -109
1 127 101 127
-94 127 -81 124
-110 -10 1 -69
40 -99 1 -1
126 -77 -31 1
1 103 -25 1
85 106 -128 37
73 85 -127 -127
94 -13 -128 86
-128 83 61 71
-19 -31 31 127
-29728 13587 13879 29975
3813 -66433 -29730 3020
-30709 56495 -8285 11285
-38446 25684 22130 78885
24
0 114 -28 78 127 84 1 114 0 1 -7 81 72 1 -28 100 38 116 -101 -86 120 18 122 -128
-128 12 -127 33 61 27 127 -25 127 -128 127 -128 -85 74 127 -103 -66 -127 119 -128 1 105 -66 1
-128 0 28 1 -1 127 1 -9 7 3 105 -127 -91 -49 104 59 127 35 65 -127 1 -127 -1 91
-127 -1 26 -74 -128 -109 97 1 1 0 1 1 -1 1 -1 1 -123 -128 57 -109 115 45 -116 -48
33 -40 -83 0
15 11 127 -127
0 -127 -127 1
60 -68 -104 -1
-82 127 1 119
127 -49 15 1
127 -128 11 -14
-121 -31 -18 124
1 -40 104 1
-128 22 116 1
127 44 1 6
-37 -127 -1 95
-128 58 110 42
127 -28 -1 50
127 127 127 -1
-107 -57 61 1
-18 -123 -21 127
-94 -89 -34 -125
-1 -128 -104 -10
74 -128 -4 -86
0 18 74 1
0 -128 1 -54
98 127 -116 127
50 7 -128 -73
-46677 15568 36995 48309
97438 37802 27742 -7588
32653 27755 -4499 3278
-7328 -2537 43619 -20596
29
-127 -127 127 58 -127 -20 -34 81 -73 98 -128 102 -67 1 0 23 47 -38 -95 127 127 -103 -78 -3 47 1 0 0 -36
-46 -70 -95 -112 -69 -127 127 1 -41 -103 0 127 95 -128 -50 34 -110 11 127 40 -114 0 103 -1 -72 50 -1 -128 0
-1 -23 1 33 -47 -8 -127 127 28 -18 -15 -1 1 1 1 -113 102 -25 0 41 57 -19 1 122 -70 127 122 -21 23
127 102 72 -1 1 -32 62 127 127 127 127 -1 127 127 0 -1 0 -127 75 -127 1 0 -65 -1 19 -19 -80 0 -119
-64 127 0 28
87 1 -101 -78
22 -1 -45 120
127 20 112 -20
-1 46 -1 0
75 -1 -23 -22
-52 -18 -127 -95
-128 -9 -71 127
104 124 25 127
-123 125 -78 12
-52 -59 80 -127
95 -22 -123 1
19 46 -127 127
117 65 -128 -35
54 13 37 77
1 -97 -23 -127
-127 -56 -32 66
0 -117 -1 -128
1 1 -96 -63
127 -105 -1 93
-1 -126 43 1
18 -71 93 23
125 -98 74 -33
-13 0 -128 62
1 62 -51 -114
0 -38 -23 -12
-128 0 -73 51
-63 77 88 127
103 96 61 65
-12455 -31145 -18236 49383
9284 -53200 -35878 -37294
-23642 -8886 -10115 81762
-37684 77293 -72156 16588
17
66 125 26 1 -1 0 -1 -86 -4 1 -110 105 -121 97 -1 0 -58
-100 -69 -106 50 0 0 -127 -84 37 30 -1 91 -1 -69 -1 127 0
-23 -127 -128 0 -127 -92 -52 -128 -9 1 127 83 27 0 -43 -128 127
14 -27 -128 94 65 100 -76 127 -33 -127 -13 -127 7 -82 27 -55 92
121 35 127 -1
30 -93 -91 -99
-74 1 0 -105
16 -128 57 127
-1 -128 114 1
-66 98 0 35
127 127 28 1
127 38 -19 -32
-84 -128 127 1
-68 1 -127 78
1 1 -80 -43
-76 -127 -13 31
127 -86 -127 -73
127 -128 28 -20
1 -24 -128 84
-85 49 127 0
-11 -1 -74 -41
-11453 -27544 27859 4952
-64074 -24009 8707 33582
-6406 -10300 -40954 13124
26884 14167 6657 13770
16
0 95 -119 -67 -53 127 119 -27 98 24 127 -127 -76 -87 -1 1
107 -1 39 1 -128 60 60 74 -85 127 86 9 -21 -65 -1 -121
-1 -128 -12 -128 -128 63 -128 127 -24 -59 -127 56 127 0 -48 -121
1 127 53 -1 -100 1 -127 1 -5 24 0 -128 -47 127 9 -83
-12 -128 -67 110
121 65 -28 -32
-45 32 19 103
0 -128 1 -1
71 48 50 -43
127 7 54 52
-57 1 -6 5
127 77 127 -18
-128 1 -38 11
-119 -1 -128 -124
27 -29 127 -14
-128 0 0 -98
0 36 67 -112
105 -77 64 100
105 23 115 34
-46 -128 1 -84
14003 7531 -6364 3198
-3077 4401 -8428 10623
7424 34430 12397 6382
45629 4439 -3625 39960
22
1 -18 -127 9 -98 -1 95 -41 -128 60 75 47 -47 -127 -120 1 74 -68 -62 -80 -128 0
-9 0 -56 2 -128 -127 -85 -26 55 1 73 15 -23 127 -1 49 -127 -26 91 -127 -127 0
-1 -126 -125 -128 -127 -128 106 51 -127 -127 1 -127 1 -1 -3 -2 0 -118 8 -127 124 54
16 2 1 -128 -1 127 -20 -127 -128 49 -79 -14 100 1 105 -56 14 -127 -117 -76 -128 -31
-47 1 127 1
-71 -82 94 81
-104 -55 -127 -33
4 -88 -128 -56
-127 127 -109 -127
34 -1 90 127
1 -128 -32 122
-116 49 -60 -1
9 -127 0 -128
127 -49 127 -127
-92 127 -45 -18
9 -128 16 114
3 -113 -68 -1
3 63 1 -29
35 1 8 -54
-127 -127 -128 115
-78 91 -128 53
-128 -127 23 -1
98 -127 -1 50
-127 -65 126 64
-128 71 -79 22
-127 88 112 45
50280 14300 19460 42231
63756 -19509 14606 -26309
18377 75991 -24356 29237
74621 34124 41507 4948
22
-13 -119 38 -85 1 -120 59 -45 -13 43 25 -127 -40 -78 -61 -128 -83 -92 -9 0 127 -95
-128 1 72 -10 -27 98 39 -127 -47 -73 46 -128 47 1 -27 -128 -53 -42 -128 -1 44 -127
-1 -32 28 -127 -120 20 -1 -1 -127 -82 127 -1 -40 -128 -15 0 -128 0 -121 -119 -58 -128
9 1 -127 1 14 1 -128 127 100 -76 0 -1 -128 42 -14 -87 -127 -61 -60 75 78 1
68 -83 -128 -128
82 -35 1 -77
-80 82 1 -1
50 -25 -30 -104
106 44 -97 -127
88 89 -1 -128
-1 103 1 107
127 51 -128 46
-84 -1 73 9
108 -85 0 115
-80 124 -7 -1
127 127 -21 -124
116 -48 35 -1
74 -127 62 -116
-1 40 105 -1
-1 19 31 10
1 -1 1 -128
1 -86 -29 -128
27 -128 48 -127
1 14 0 127
64 -85 -89 -26
99 108 -1 81
-58471 -17994 -14146 80071
-56788 14201 20644 28941
-64838 48370 -6015 40404
3717 -4812 -25954 14980
21
-116 127 9 1 -1 -127 44 98 1 -127 102 127 -128 -1 -1 -128 -128 -45 -127 -51 95
13 127 127 127 69 -38 -60 1 72 -127 57 -115 -88 90 -127 127 1 -128 -1 -97 -97
114 -128 -1 44 127 1 -128 8 78 13 4 -14 1 -128 0 3 36 -30 2 -1 66
1 -127 -6 -44 -36 127 -128 -64 -1 -40 40 80 -104 -127 106 0 54 -128 99 52 -127
124 1 -73 -127
0 1 127 -116
-1 -96 91 -46
-49 58 0 -1
-111 127 119 -127
0 28 85 0
101 1 127 -127
105 -100 0 -59
127 127 85 49
1 -1 1 -127
-11 -40 98 -99
-127 0 57 1
-37 -93 34 -102
-8 35 -128 -82
0 -128 -128 11
-124 -1 -128 -1
-55 -15 -46 0
0 -127 79 -45
-127 1 36 -121
0 -1 107 112
1 -127 -128 -72
27032 -10441 29715 12644
-8594 65963 6453 -7582
-4104 17911 -15965 8423
-34939 24748 -6198 71617
19
-127 19 -121 1 9 63 29 19 0 -112 1 1 1 -1 -1 127 127 95 109
-109 1 -10 127 -127 101 -128 -128 -63 -44 3 0 20 -6 1 -74 121 -127 127
78 -127 1 -104 0 127 14 -58 44 127 66 63 -36 47 13 -127 -40 82 100
0 45 -1 -38 -89 -1 80 -1 -1 -1 42 6 59 1 110 -1 -44 127 -53
-92 36 127 -1
-124 96 -104 -127
-1 127 -13 -128
-1 -29 -128 83
-127 -41 92 -1
-127 17 -127 -53
-128 95 3 10
51 10 127 -42
-53 -49 109 -128
-78 -43 98 -61
89 18 10 126
21 107 0 -84
0 127 110 -128
102 83 -1 0
-127 76 87 -26
0 0 51 36
65 -123 126 -127
1 -35 127 -127
111 0 -128 0
26881 -28534 -11683 -7421
51079 -18584 -100993 17311
-5520 -653 14083 -12855
-22891 34910 25839 -23769
21
117 4 72 -121 1 127 32 -122 -21 100 -124 -1 127 127 -127 -127 -79 -83 34 -128 -128
-91 120 48 -109 127 70 31 127 37 90 -1 -30 39 0 15 -128 11 103 127 -1 1
23 44 14 -20 -113 1 -128 -1 127 1 -42 -31 1 1 -77 -127 -8 51 -127 -1 34
-23 0 13 -73 127 79 127 -127 41 1 -127 -82 -55 0 -128 23 127 -122 49 11 12
-128 58 -17 -127
73 -91 -82 -1
-1 -35 -4 -128
68 56 -109 57
-128 0 -1 -106
127 -128 -100 34
19 -80 -54 -1
-127 -25 -63 -66
-54 0 -82 100
-1 116 61 -57
-128 70 -38 103
1 -127 77 -128
48 44 1 24
0 44 0 -1
127 0 -128 -31
-66 118 -128 93
-9 117 23 62
-128 -128 -127 4
-127 -23 46 -128
0 18 -34 30
-116 1 14 0
46238 -21236 61785 -57563
-29251 -52640 -5657 -44733
14046 -12455 8089 25127
10689 8518 30471 2264
7
-65 20 39 69 0 -128 -101
127 -34 -96 -6 87 127 -128
-60 104 119 -21 -1 -127 -127
0 127 72 1 -14 -96 78
124 -128 -128 14
37 82 -99 33
29 1 -69 -100
12 96 127 -33
-128 1 1 0
127 -56 -127 1
-72 -60 -1 127
-14345 29851 28769 -19382
25843 -19061 -22942 -5675
-7250 29042 2761 -24871
-9217 11264 -5314 6768
3
-128 1 -127
1 35 -1
-10 11 17
41 41 57
-81 -107 76 1
-23 0 25 -128
-127 -8 -50 -1
26474 14712 -3353 -129
-759 -99 1001 -4478
-1602 934 -1335 -1435
-11503 -4843 1291 -5264
32
-74 -43 -123 89 -42 -128 -1 -102 41 -80 127 127 -1 119 127 -128 8 1 127 0 88 8 75 -128 0 -1 -127 88 73 59 127 -28
-17 -55 -84 95 73 -17 0 -127 120 108 -21 13 61 127 1 93 100 -63 -113 127 -128 127 57 -128 0 -3 -86 -25 60 -127 104 0
56 -1 -55 74 1 84 0 -70 -98 112 1 74 1 119 52 -64 -32 -72 117 1 -127 -120 -92 107 -10 56 -2 -1 0 112 40 -12
-9 0 -75 85 127 32 127 -127 0 -51 -127 52 6 39 22 -99 96 -128 0 43 -128 -127 -100 127 8 -95 127 0 -59 -123 0 -96
-1 -123 71 -1
127 0 -23 -20
-128 -58 127 18
127 -57 -38 -109
-127 0 127 20
-127 119 -22 -115
-91 -127 -128 -128
77 94 -1 5
0 -41 -128 71
-93 -128 -75 -128
0 116 107 0
127 -2 105 -1
92 -87 81 -52
-18 1 52 -116
-128 6 -87 127
-1 127 -64 81
95 -1 -56 -89
106 15 4 0
127 127 -95 127
92 -1 1 0
1 127 100 7
110 -39 1 118
-128 -1 101 -1
-1 127 119 -38
-128 -127 -1 -45
123 -100 -127 -91
65 -30 -95 105
-1 127 122 -126
102 0 127 -108
127 -1 72 -1
-31 104 -1 -128
127 -95 113 1
48165 35783 27168 -19243
-18668 -69379 -36549 -53157
12530 -5801 -8942 -64176
-52847 -28095 -52430 -33355
4
10 -40 -53 -9
-127 -104 -87 29
78 127 -128 68
122 127 1 116
127 -18 70 -122
0 50 77 92
0 1 124 0
85 -127 -112 -128
505 -1090 -7944 -3748
-13664 -6684 -30934 2214
15686 -3818 -8249 -6536
25354 -10577 5451 -18048
26
79 -79 31 94 0 126 0 33 108 127 127 1 -128 -127 -122 127 16 -128 23 -111 10 -128 127 -55 -128 55
-93 -58 0 127 -74 -65 7 -101 0 -27 127 1 14 -42 -124 60 -23 -103 -52 21 -35 34 15 1 78 -113
127 114 1 1 1 -1 -127 -128 1 27 -127 127 1 -128 127 1 16 127 58 -127 0 11 -61 -127 -93 -128
2 28 10 -128 48 86 78 -1 -128 -1 -128 -1 12 -34 26 0 -1 -49 -112 32 37 112 -1 -81 -127 0
-1 -27 -83 30
-12 -128 100 -66
-1 35 -91 81
-106 -127 13 -82
-8 97 -1 2
49 -104 69 89
41 127 -127 -27
-1 104 7 -78
13 23 80 81
39 -127 1 32
-127 -3 -117 81
-104 13 -51 -108
105 39 -1 1
64 41 47 -1
-128 127 45 -23
-29 -104 -82 -32
0 -64 -58 -127
35 -65 -127 -106
0 -34 1 -128
-74 -15 -1 0
-1 -18 -80 37
64 -66 116 -1
-49 -1 -1 51
1 -42 127 -1
61 -29 -75 -128
95 -85 127 -106
-35825 -47793 -25732 58935
-28909 -21038 -28865 24607
-27547 -29011 -16896 -16712
25931 24017 15787 31228
18
-1 -128 127 127 -1 127 -82 81 -128 -1 127 0 -123 -27 35 -105 48 1
18 109 -128 28 -11 -86 127 -61 127 -127 -127 34 -18 -6 -3 7 19 -102
67 101 -93 1 -128 -92 0 -62 -1 12 -32 8 9 41 -127 100 36 49
0 -27 127 27 1 -128 -1 50 -4 113 -128 -127 31 0 -127 80 22 -1
91 -92 112 19
-128 127 90 -1
-1 127 127 1
1 -95 -66 -1
75 -121 127 71
3 20 -128 -87
-128 -127 20 127
1 -128 -110 0
-127 -24 -128 -127
0 1 117 -127
124 -78 0 -55
94 101 -56 -3
1 37 -128 -56
-128 87 7 0
-58 63 -58 53
127 -1 -67 -127
0 111 19 -52
-1 -55 0 -120
47147 -15545 6921 7435
-56324 1061 -18108 41002
-4986 16781 8626 -27354
-6519 -5890 42209 -14866
9
127 -104 72 -1 127 1 -16 101 33
127 -73 -1 68 -69 23 1 76 -76
-61 58 0 -72 -73 -1 94 127 -128
62 -119 -19 -66 1 127 -1 1 67
0 -8 -31 -127
-1 127 1 -47
-71 -128 -51 -2
-1 36 -116 -128
-127 56 -26 37
46 -30 127 -1
-78 125 69 66
121 -1 0 -108
-92 37 0 -1
-10657 -17274 -11876 -18556
26007 -15028 -7063 -32042
29050 8091 18558 4153
1284 -16954 22618 5874
24
-120 1 -50 -14 0 0 -25 -5 -1 -90 6 -13 1 39 79 42 -47 76 -128 -119 -128 86 -103 13
113 -127 0 109 6 -1 -127 6 2 -108 -44 -28 -81 -11 -128 -128 25 116 -128 84 -54 108 -40 -10
1 -10 48 32 125 -80 63 0 0 68 -119 32 1 -21 -93 127 55 -51 1 -128 -39 -107 106 -32
51 -116 127 0 31 -80 0 75 0 -46 16 -63 -49 127 0 0 -37 -57 114 1 127 -128 1 -76
-124 -127 127 -59
1 1 -61 64
1 1 -128 -127
127 2 -99 27
-128 84 -1 -52
73 25 -49 0
-95 -128 0 -127
-104 -127 1 -98
-128 85 127 -128
-128 93 0 -7
105 123 -127 -1
-127 -116 0 -1
-39 40 -54 95
114 127 -101 -1
-111 1 104 -1
0 -105 -128 0
-128 67 127 88
-121 -31 -127 -11
94 127 0 66
-127 -15 -1 -35
1 -127 -10 -2
127 52 0 -57
94 -84 34 -128
53 35 1 -127
27217 23310 -27273 15155
8357 -5603 13284 -13729
-31099 -30991 4024 -13992
10196 -7998 -9725 -18511
28
0 -128 -14 0 -128 0 -37 127 -17 -102 127 127 76 0 26 -123 0 72 19 -39 -52 -128 -127 30 28 127 -101 127
-1 -14 127 -23 61 -128 109 0 74 -128 -1 83 23 53 1 126 -88 -1 1 124 127 -128 -128 -40 122 69 -1 115
-9 -127 -127 1 56 76 -127 -55 49 35 -127 -92 -30 -128 -1 -128 0 29 1 -127 -1 -15 -37 39 -60 -51 127 -33
0 0 -71 73 -127 -101 -51 66 59 -33 -128 1 -109 -65 -9 83 -58 127 -14 127 -127 -1 -2 -104 1 59 -128 96
97 -57 -128 -97
127 38 23 115
27 -30 -127 -1
127 1 -69 0
127 -127 -1 77
1 127 0 -128
14 51 59 -4
-46 -27 -128 -35
1 -128 32 89
-77 1 109 -22
127 -70 -127 70
1 27 -128 -121
-33 -128 0 1
127 0 127 -127
-127 0 -95 1
-73 0 -20 75
1 -1 -111 -11
-122 -118 23 11
-53 1 1 -1
1 1 0 43
94 0 -116 0
-83 118 -16 -56
-122 -28 -96 11
-15 -128 1 69
-128 -1 -51 -127
13 -61 27 -1
-128 -108 127 -20
1 27 0 33
10084 -23961 -52383 -34263
38718 -40172 -21507 18577
-44936 -19655 55896 -2107
-43470 27727 7476 18282
28
0 -31 127 114 -128 -106 0 -85 1 27 56 -16 -105 -1 111 -1 -76 -112 18 13 -128 1 -128 16 124 127 -83 75
-35 127 -68 -1 120 37 0 -118 115 -128 -76 1 -1 66 127 0 -19 40 1 -14 73 -128 -1 5 25 -1 -127 82
81 63 1 -50 -128 -23 48 0 -127 -127 74 -112 34 67 102 -1 119 0 127 95 1 -86 -78 -70 0 18 39 127
-54 -127 -107 -24 -1 83 -73 -127 1 108 -125 -71 0 1 -127 -128 -59 0 -1 124 -81 -52 -128 -128 0 -65 -18 47
-120 -41 77 76
-105 127 0 -56
-1 -49 79 -1
-120 127 1 7
-116 22 127 -77
-37 117 -26 1
-102 127 0 -73
-1 0 19 -21
81 -86 -127 28
0 -41 -1 -28
-108 -1 48 19
1 -43 -43 -28
19 -46 127 108
-47 -1 -73 74
-69 -127 1 -128
-88 -92 -49 67
102 -75 1 -61
1 127 -1 -127
49 -105 -127 -127
-49 30 -1 -83
-127 -127 9 54
-46 -29 -109 102
1 -127 1 -1
-127 127 -127 0
-117 -82 -127 -127
1 -48 75 -17
-127 0 -8 -1
-127 84 -127 106
-14133 -6108 -35616 -12024
-20871 13049 -17865 -28922
-22094 -975 1809 -18141
73826 42379 -4132 5463
13
-4 -91 0 -80 -127 0 127 -127 -45 1 1 -10 -110
110 -127 -96 -12 71 84 -127 -128 73 -74 -1 127 1
-115 39 117 -1 0 -1 -49 -91 1 -71 127 127 127
64 44 0 127 109 48 59 -88 0 22 -83 -127 60
-114 0 60 -1
-1 -40 -50 127
-1 1 -39 0
1 -18 -64 95
103 127 -99 -51
42 -109 -102 -109
-127 22 -86 43
-1 127 79 49
30 0 -104 22
-28 103 60 0
-51 -22 -43 -1
-102 -31 -89 -127
-90 -128 -128 0
-19125 -9913 20715 -13159
6038 -25654 -20745 -56411
-9618 -44251 -53606 -17718
9796 -4964 -25689 21235
14
-1 -120 -70 27 127 -127 -1 -86 -62 -43 8 -1 -21 -16
0 109 -101 -109 -21 -58 -127 37 44 -121 -128 122 -11 -128
0 -127 56 -62 -27 -20 -18 83 -109 -84 7 -1 -2 -1
127 -12 58 -127 59 -116 37 18 35 -10 27 127 -45 82
-128 -4 0 59
0 127 127 1
20 -69 -66 1
27 108 -1 -127
90 -128 -127 84
18 -14 98 53
-121 0 15 6
127 127 -128 30
47 73 0 -1
0 -1 19 1
80 21 51 0
-127 -128 54 45
23 91 1 0
-1 -128 -14 -19
-4814 -36940 -28489 -2049
-11622 17651 10502 17118
4894 -20064 -30469 6856
-30935 -51107 -18983 27350
18
-128 -34 -26 72 -127 -105 -127 0 126 -55 121 -22 127 0 -102 -128 61 122
127 23 -24 -70 -127 -1 -60 88 -128 1 81 -128 -43 9 -42 111 115 0
-108 -82 0 127 1 -123 1 104 74 10 -128 -103 -1 -1 127 -70 -124 -70
66 0 37 0 0 75 0 -1 76 -128 -128 52 -104 35 0 -86 -1 -106
-112 1 -1 1
1 92 -127 104
70 69 1 -62
-82 -127 1 0
-127 -64 -128 -17
-4 -1 -127 -116
-9 -128 -127 -53
0 7 30 -128
78 -104 15 -115
1 80 -38 103
118 -124 -127 -100
69 96 -128 1
39 -37 1 0
127 1 -34 116
-81 -110 9 -128
-5 -71 127 -128
1 -19 -46 0
-128 1 -71 -1
45103 -9753 13126 16059
-297 13116 35720 -2995
-15740 -30712 62265 -9875
3568 15159 1376 -4698
5
-40 -42 78 52 24
-1 -12 -117 -38 -127
59 -6 -100 -128 4
-85 1 1 97 -16
-108 48 -10 121
127 -1 -128 1
-127 -112 -91 21
-90 -71 -47 -105
-108 -11 95 16
-18192 -14570 -1486 -8320
30579 17163 1914 -632
16654 23082 15674 18537
2178 -10904 -5448 -20704
